[27, 26, 26, 23, 21, 26, 30, 21, 22, 23, 30, 24, 23, 30, 25, 30, 21, 25, 24, 28]
[6, 5, 5, 10, 8, 2, 6, 1, 9, 4, 5, 2, 10, 4, 7, 10, 7, 10, 5, 7]
[21, 30, 23, 28, 26, 29, 28, 29, 24, 21, 21, 20, 30, 26, 26, 20, 27, 28, 20, 26]
[3, 5, 10, 6, 2, 3, 3, 6, 2, 1, 5, 10, 6, 8, 2, 3, 3, 7, 3, 4]
[25, 30, 30, 22, 20, 24, 25, 23, 20, 30, 22, 21, 20, 25, 26, 23, 30, 23, 30, 24]
[2, 3, 3, 8, 6, 1, 7, 7, 4, 8, 6, 5, 4, 6, 3, 5, 9, 9, 1, 7]
Calling function usual_func 2020-03-22 11:53:51.090518 / [28, 24, 28, 21, 24, 23, 28, 26, 30, 25, 24, 23, 23, 21, 27, 25, 20, 26, 27, 25]
Calling function usual_func_2 2020-03-22 11:53:51.090518 / [7, 1, 4, 10, 7, 2, 7, 5, 10, 9, 2, 3, 7, 5, 6, 2, 9, 10, 1, 4]
Calling function: usual_func, 2020-03-22 11:54:44.684050 / [20, 27, 20, 21, 22, 27, 23, 29, 27, 27, 29, 25, 21, 24, 30, 27, 20, 21, 27, 21]
Calling function: usual_func_2, 2020-03-22 11:54:44.684050 / [1, 9, 4, 1, 7, 4, 7, 8, 5, 5, 7, 8, 9, 2, 5, 1, 4, 10, 2, 2]
